(60, 1, 1)-(87, 11, 12)
(87, 11, 13)-(89, 8, 10)
(89, 8, 11)-(90, 6, 24)
(90, 6, 25)-(91, 5, 8)
(91, 5, 9)-(92, 3, 22)
(92, 3, 23)-(92, 8, 28)
(92, 8, 29)-(93, 2, 3)
(93, 2, 4)-(93, 12, 17)
(93, 12, 18)-(94, 5, 25)
(94, 5, 26)-(94, 10, 31)
(94, 11, 1)-(95, 4, 8)
(95, 4, 9)-(95, 9, 14)
(95, 9, 15)-(96, 2, 20)
(96, 2, 21)-(96, 7, 29)
(96, 7, 30)-(96, 10, 17)
(96, 10, 18)-(97, 1, 4)
(97, 1, 5)-(97, 6, 11)
(97, 6, 12)-(97, 11, 17)
(97, 11, 18)-(98, 2, 5)
(98, 2, 6)-(98, 4, 25)
(98, 4, 26)-(98, 7, 14)
(98, 7, 15)-(98, 10, 1)
(98, 10, 2)-(98, 12, 20)
(98, 12, 21)-(99, 3, 9)
(99, 3, 10)-(99, 5, 28)
(99, 5, 29)-(99, 8, 15)
(99, 8, 16)-(99, 11, 3)
(99, 11, 4)-(100, 1, 21)
(100, 1, 22)-(100, 4, 11)
(100, 4, 12)-(100, 6, 29)
(100, 6, 30)-(100, 9, 17)
(100, 9, 18)-(100, 12, 5)
(100, 12, 6)-(101, 2, 23)
(101, 2, 24)-(101, 5, 12)
(101, 5, 13)-(101, 7, 31)
(101, 8, 1)-(101, 10, 18)
(101, 10, 19)-(102, 1, 6)
(102, 1, 7)-(102, 3, 27)
(102, 3, 28)-(102, 6, 15)
(102, 6, 16)-(102, 9, 2)
(102, 9, 3)-(102, 11, 21)
(102, 11, 22)-(103, 2, 8)
(103, 2, 9)-(103, 4, 29)
(103, 4, 30)-(103, 7, 17)
(103, 7, 18)-(103, 10, 5)
(103, 10, 6)-(103, 12, 23)
(103, 12, 24)-(104, 3, 13)
(104, 3, 14)-(104, 5, 31)
(104, 6, 1)-(104, 8, 19)
(104, 8, 20)-(104, 11, 6)
(104, 11, 7)-(105, 1, 25)
(105, 1, 26)-(105, 4, 13)
(105, 4, 14)-(105, 7, 2)
(105, 7, 3)-(105, 9, 19)
(105, 9, 20)-(105, 12, 8)
(105, 12, 9)-(106, 2, 25)
(106, 2, 26)-(106, 5, 16)
(106, 5, 17)-(106, 8, 3)
(106, 8, 4)-(106, 10, 22)
(106, 10, 23)-(106, 12, 1)
(106, 12, 2)-(107, 1, 9)
(107, 1, 10)-(107, 3, 30)
(107, 3, 31)-(107, 6, 17)
(107, 6, 18)-(107, 9, 5)
(107, 9, 6)-(107, 11, 23)
(107, 11, 24)-(108, 2, 11)
(108, 2, 12)-(108, 5, 1)
(108, 5, 2)-(108, 7, 20)
(108, 7, 21)-(108, 10, 7)
(110, 7, 5)-(110, 9, 22)
(110, 9, 23)-(110, 11, 1)
(110, 11, 2)-(110, 12, 10)
(110, 12, 11)-(111, 1, 19)
(111, 1, 20)-(111, 2, 28)
(111, 3, 1)-(111, 4, 9)
(111, 4, 10)-(111, 5, 18)
(111, 5, 19)-(111, 6, 27)
(111, 6, 28)-(111, 8, 6)
(111, 8, 7)-(111, 9, 15)
(111, 9, 16)-(111, 10, 24)
(111, 10, 25)-(111, 12, 3)
(111, 12, 4)-(112, 1, 12)
(112, 1, 13)-(112, 2, 21)
(112, 2, 22)-(112, 4, 1)
(112, 4, 2)-(112, 5, 11)
(112, 5, 12)-(112, 6, 20)
(112, 6, 21)-(112, 7, 30)
(112, 7, 31)-(112, 9, 7)
(112, 9, 8)-(112, 10, 17)
(112, 10, 18)-(112, 11, 26)
(112, 11, 27)-(113, 1, 5)
(113, 1, 6)-(113, 2, 13)
(113, 2, 14)-(113, 3, 24)
(113, 3, 25)-(113, 5, 3)
(113, 5, 4)-(113, 6, 12)
(113, 6, 13)-(113, 7, 21)
(113, 7, 22)-(113, 8, 30)
(113, 8, 31)-(113, 10, 9)
(113, 10, 10)-(113, 11, 18)
(113, 11, 19)-(113, 12, 27)
(113, 12, 28)-(114, 3, 17)
(114, 3, 18)-(114, 6, 4)
(114, 6, 5)-(114, 8, 23)
(114, 8, 24)-(114, 11, 10)
(114, 11, 11)-(115, 1, 29)
(115, 1, 30)-(115, 4, 18)
(115, 4, 19)-(115, 9, 24)
