hfl/chinese-legal-electra-base-discriminator

              precision    recall  f1-score   support

        公然侮辱     0.5128    0.6956    0.5904      1268
        加重誹謗     0.3993    0.2980    0.3413       812
      散布文字誹謗     0.3443    0.1489    0.2079       423
          誹謗     0.2183    0.3596    0.2717       292
          無罪     0.4292    0.3500    0.3856      1057

    accuracy                         0.4315      3852
   macro avg     0.3808    0.3704    0.3594      3852
weighted avg     0.4251    0.4315    0.4155      3852


confusion matrix (列=真實, 行=預測)
[[882  63  25  84 214]
 [232 242  65 113 160]
 [133 113  63  49  65]
 [ 78  52   4 105  53]
 [395 136  26 130 370]]
