google-bert/bert-base-chinese

              precision    recall  f1-score   support

        公然侮辱     0.5310    0.7161    0.6098      1268
        加重誹謗     0.4086    0.4458    0.4264       812
      散布文字誹謗     0.3662    0.1229    0.1841       423
          誹謗     0.3013    0.2363    0.2649       292
          無罪     0.4090    0.3425    0.3728      1057

    accuracy                         0.4551      3852
   macro avg     0.4032    0.3727    0.3716      3852
weighted avg     0.4362    0.4551    0.4332      3852


confusion matrix (列=真實, 行=預測)
[[908  81  15  43 221]
 [197 362  50  40 163]
 [119 141  52  20  91]
 [ 76  96   3  69  48]
 [410 206  22  57 362]]
