thunlp/Lawformer

              precision    recall  f1-score   support

        公然侮辱     0.4234    0.6885    0.5243      1268
        加重誹謗     0.3343    0.1429    0.2002       812
      散布文字誹謗     0.2314    0.0662    0.1029       423
          誹謗     0.0000    0.0000    0.0000       292
          無罪     0.3116    0.3898    0.3464      1057

    accuracy                         0.3710      3852
   macro avg     0.2601    0.2575    0.2348      3852
weighted avg     0.3208    0.3710    0.3211      3852


confusion matrix (列=真實, 行=預測)
[[873  65  23   0 307]
 [329 116  39   0 328]
 [178  61  28   0 156]
 [138  29   6   0 119]
 [544  76  25   0 412]]
