hfl/chinese-roberta-wwm-ext

              precision    recall  f1-score   support

        公然侮辱     0.5328    0.7240    0.6138      1268
        加重誹謗     0.4019    0.4618    0.4298       812
      散布文字誹謗     0.2626    0.1229    0.1675       423
          誹謗     0.3735    0.2123    0.2707       292
          無罪     0.4243    0.3340    0.3737      1057

    accuracy                         0.4569      3852
   macro avg     0.3990    0.3710    0.3711      3852
weighted avg     0.4337    0.4569    0.4341      3852


confusion matrix (列=真實, 行=預測)
[[918  95  36  36 183]
 [186 375  61  19 171]
 [138 162  52   6  65]
 [ 72  90   8  62  60]
 [409 211  41  43 353]]
