hfl/chinese-bert-wwm

              precision    recall  f1-score   support

        公然侮辱     0.5196    0.7121    0.6008      1268
        加重誹謗     0.3981    0.4187    0.4082       812
      散布文字誹謗     0.2562    0.0969    0.1407       423
          誹謗     0.3077    0.2740    0.2899       292
          無罪     0.4214    0.3349    0.3732      1057

    accuracy                         0.4460      3852
   macro avg     0.3806    0.3673    0.3625      3852
weighted avg     0.4221    0.4460    0.4236      3852


confusion matrix (列=真實, 行=預測)
[[903  94  27  52 192]
 [193 340  61  46 172]
 [140 145  41  17  80]
 [ 83  82   5  80  42]
 [419 193  26  65 354]]
